INITIAL STATE
+-----+-----+
| 1 2 | 3 4 |
| 3   |     |
+-----+-----+
| 4   |     |
|     |     |
+-----+-----+

ALL FEASIBLE SOLUTIONS WITHOUT BREAKING SUDOKU RULES
+-----+-----+
| 1 2 | 3 4 |
| 3 4 | 1 2 |
+-----+-----+
| 4 3 | 2 1 |
| 2 1 | 4 3 |
+-----+-----+

+-----+-----+
| 1 2 | 3 4 |
| 3 4 | 1 2 |
+-----+-----+
| 4 1 | 2 3 |
| 2 3 | 4 1 |
+-----+-----+

+-----+-----+
| 1 2 | 3 4 |
| 3 4 | 2 1 |
+-----+-----+
| 4 3 | 1 2 |
| 2 1 | 4 3 |
+-----+-----+

SOLUTIONS ALLOWING DUPLICATE ENTRIES IN ROW, COL, BOX
(I only included 6 of these)
(I stopped writing files once it hit about 100 files there are lots of these solutions)

+-----+-----+
| 1 2 | 3 4 |
| 3 4 | 1 2 |
+-----+-----+
| 4 3 | 2 1 |
| 2 2 | 4 3 |
+-----+-----+

+-----+-----+
| 1 2 | 3 4 |
| 3 4 | 2 1 |
+-----+-----+
| 4 3 | 1 2 |
| 2 4 | 4 3 |
+-----+-----+

+-----+-----+
| 1 2 | 3 4 |
| 3 4 | 2 1 |
+-----+-----+
| 4 3 | 1 2 |
| 2 3 | 4 3 |
+-----+-----+

+-----+-----+
| 1 2 | 3 4 |
| 3 4 | 1 2 |
+-----+-----+
| 4 3 | 2 1 |
| 2 3 | 4 3 |
+-----+-----+

+-----+-----+
| 1 2 | 3 4 |
| 3 4 | 1 2 |
+-----+-----+
| 4 3 | 2 1 |
| 2 1 | 2 3 |
+-----+-----+

+-----+-----+
| 1 2 | 3 4 |
| 3 4 | 2 1 |
+-----+-----+
| 4 3 | 1 3 |
| 3 1 | 4 2 |
+-----+-----+

+-----+-----+
| 1 2 | 3 4 |
| 3 4 | 2 1 |
+-----+-----+
| 4 1 | 2 3 |
| 2 3 | 1 2 |
+-----+-----+